,month,main_category,canceled,failed,successful,month name
0,1,Art,0.08021653543307086,0.5378937007874016,0.38188976377952755,Jan
1,1,Comics,0.06910569105691057,0.3699186991869919,0.5609756097560976,Jan
2,1,Crafts,0.1062937062937063,0.6517482517482518,0.24195804195804196,Jan
3,1,Dance,0.0599250936329588,0.36704119850187267,0.5730337078651685,Jan
4,1,Design,0.1300893743793446,0.528798411122145,0.3411122144985104,Jan
5,1,Fashion,0.11063569682151589,0.6680929095354523,0.22127139364303178,Jan
6,1,Film & Video,0.09306296691568837,0.5413020277481323,0.3656350053361793,Jan
7,1,Food,0.08471665712650257,0.6908986834573555,0.22438465941614197,Jan
8,1,Games,0.17311608961303462,0.4610997963340122,0.36578411405295314,Jan
9,1,Journalism,0.11549295774647887,0.6704225352112676,0.2140845070422535,Jan
10,1,Music,0.0678884873515746,0.43779039752194115,0.49432111512648425,Jan
11,1,Photography,0.10424242424242425,0.616969696969697,0.2787878787878788,Jan
12,1,Publishing,0.09661016949152543,0.6169491525423729,0.2864406779661017,Jan
13,1,Technology,0.14073385973060845,0.665118439386902,0.19414770088248956,Jan
14,1,Theater,0.064,0.36533333333333334,0.5706666666666667,Jan
15,2,Art,0.07729897823189694,0.5277654375832963,0.39493558418480673,Feb
16,2,Comics,0.07529411764705882,0.3411764705882353,0.5835294117647059,Feb
17,2,Crafts,0.10102489019033675,0.6632503660322109,0.23572474377745242,Feb
18,2,Dance,0.0297029702970297,0.297029702970297,0.6732673267326733,Feb
19,2,Design,0.13884857281083696,0.502177068214804,0.358974358974359,Feb
20,2,Fashion,0.10691458454386985,0.6519465427077281,0.2411388727484021,Feb
21,2,Film & Video,0.08571981424148607,0.49322755417956654,0.42105263157894735,Feb
22,2,Food,0.09511568123393316,0.6467866323907455,0.2580976863753213,Feb
23,2,Games,0.17217787913340935,0.4606613454960091,0.3671607753705815,Feb
24,2,Journalism,0.15365239294710328,0.654911838790932,0.19143576826196473,Feb
25,2,Music,0.0655893536121673,0.42585551330798477,0.5085551330798479,Feb
26,2,Photography,0.08176100628930817,0.579874213836478,0.3383647798742138,Feb
27,2,Publishing,0.09072781655034895,0.57892987703556,0.33034230641409107,Feb
28,2,Technology,0.14884516680923868,0.6535500427715997,0.19760479041916168,Feb
29,2,Theater,0.04886769964243146,0.3420738974970203,0.6090584028605482,Feb
30,3,Art,0.08263836239575435,0.46474601971190294,0.45261561789234267,Mar
31,3,Comics,0.08325266214908035,0.3514036786060019,0.5653436592449177,Mar
32,3,Crafts,0.0901015228426396,0.6446700507614214,0.2652284263959391,Mar
33,3,Dance,0.036931818181818184,0.3153409090909091,0.6477272727272727,Mar
34,3,Design,0.1313526192337764,0.5093823299452698,0.3592650508209539,Mar
35,3,Fashion,0.10963983050847458,0.6408898305084746,0.24947033898305085,Mar
36,3,Film & Video,0.08217080639673359,0.5035726437563797,0.4142565498468867,Mar
37,3,Food,0.10201149425287356,0.60727969348659,0.2907088122605364,Mar
38,3,Games,0.17652892561983471,0.4502479338842975,0.37322314049586774,Mar
39,3,Journalism,0.11483253588516747,0.6698564593301436,0.215311004784689,Mar
40,3,Music,0.05786779434676163,0.4382372579568217,0.5038949476964166,Mar
41,3,Photography,0.09717868338557993,0.5851619644723093,0.3176593521421108,Mar
42,3,Publishing,0.09214720370906984,0.5734569689944944,0.3343958272964358,Mar
43,3,Technology,0.13948419905557574,0.6483835815474028,0.21213221939702143,Mar
44,3,Theater,0.05888030888030888,0.3233590733590734,0.6177606177606177,Mar
45,4,Art,0.07841483979763912,0.4633220910623946,0.4582630691399663,Apr
46,4,Comics,0.06927374301675977,0.394413407821229,0.5363128491620112,Apr
47,4,Crafts,0.11746987951807229,0.641566265060241,0.24096385542168675,Apr
48,4,Dance,0.021621621621621623,0.3162162162162162,0.6621621621621622,Apr
49,4,Design,0.1311407160699417,0.49833472106577853,0.37052456286427976,Apr
50,4,Fashion,0.1304100227790433,0.6138952164009112,0.25569476082004555,Apr
51,4,Film & Video,0.09389101006594933,0.5123221103783409,0.39378687955570985,Apr
52,4,Food,0.0893574297188755,0.6194779116465864,0.29116465863453816,Apr
53,4,Games,0.17336938154782022,0.4562352145995269,0.3703954038526529,Apr
54,4,Journalism,0.12564102564102564,0.6282051282051282,0.24615384615384617,Apr
55,4,Music,0.0629418472063854,0.44583808437856326,0.49122006841505134,Apr
56,4,Photography,0.09167671893848009,0.5379975874547648,0.3703256936067551,Apr
57,4,Publishing,0.08787784356497351,0.5930196322842007,0.3191025241508258,Apr
58,4,Technology,0.15076923076923077,0.6546153846153846,0.1946153846153846,Apr
59,4,Theater,0.06155218554861731,0.3220338983050847,0.6164139161462979,Apr
60,5,Art,0.08484609313338595,0.4909234411996843,0.42423046566692973,May
61,5,Comics,0.07230142566191446,0.3869653767820774,0.5407331975560081,May
62,5,Crafts,0.08552631578947369,0.6513157894736842,0.2631578947368421,May
63,5,Dance,0.028735632183908046,0.3390804597701149,0.632183908045977,May
64,5,Design,0.14326069410815173,0.5221953188054883,0.33454398708635996,May
65,5,Fashion,0.11918760021378942,0.6205237840726884,0.2602886157135222,May
66,5,Film & Video,0.09412188965019834,0.5402091597547782,0.36566895059502347,May
67,5,Food,0.07351351351351351,0.64,0.2864864864864865,May
68,5,Games,0.1836473969977643,0.4525710635579687,0.363781539444267,May
69,5,Journalism,0.10644257703081232,0.680672268907563,0.21288515406162464,May
70,5,Music,0.06873465744253515,0.4463289444320464,0.48493639812541844,May
71,5,Photography,0.08067940552016985,0.5626326963906582,0.35668789808917195,May
72,5,Publishing,0.08670849971477468,0.5889903023388476,0.32430119794637763,May
73,5,Technology,0.1491588785046729,0.6347663551401869,0.2160747663551402,May
74,5,Theater,0.05324459234608985,0.3178036605657238,0.6289517470881864,May
75,6,Art,0.06807990216061965,0.4826742763962495,0.44924582144313085,Jun
76,6,Comics,0.07635206786850478,0.40827147401908803,0.5153764581124072,Jun
77,6,Crafts,0.09034267912772585,0.6588785046728972,0.2507788161993769,Jun
78,6,Dance,0.04923076923076923,0.3076923076923077,0.6430769230769231,Jun
79,6,Design,0.1359848484848485,0.5109848484848485,0.353030303030303,Jun
80,6,Fashion,0.129080118694362,0.6364985163204748,0.2344213649851632,Jun
81,6,Film & Video,0.0922321585130633,0.54462563563037,0.3631422058565667,Jun
82,6,Food,0.07300115874855156,0.6599073001158748,0.2670915411355736,Jun
83,6,Games,0.18594336403957692,0.458546571136131,0.35551006482429204,Jun
84,6,Journalism,0.09326424870466321,0.6606217616580311,0.24611398963730569,Jun
85,6,Music,0.06114769520225776,0.44379115710253997,0.49506114769520226,Jun
86,6,Photography,0.07903402854006586,0.6223929747530187,0.29857299670691545,Jun
87,6,Publishing,0.09126271693596649,0.604428485936565,0.30430879712746856,Jun
88,6,Technology,0.146059291395517,0.6543745480838756,0.19956616052060738,Jun
89,6,Theater,0.054817275747508304,0.2857142857142857,0.659468438538206,Jun
90,7,Art,0.08110955056179775,0.5379213483146067,0.3809691011235955,Jul
91,7,Comics,0.07708119218910586,0.381294964028777,0.5416238437821171,Jul
92,7,Crafts,0.10137275607180571,0.6789862724392819,0.21964097148891235,Jul
93,7,Dance,0.03768115942028986,0.39710144927536234,0.5652173913043478,Jul
94,7,Design,0.14567233384853168,0.5150695517774343,0.339258114374034,Jul
95,7,Fashion,0.1226679104477612,0.6571828358208955,0.22014925373134328,Jul
96,7,Film & Video,0.09362374846302476,0.5545406639733006,0.35183558756367467,Jul
97,7,Food,0.11140899612749479,0.6878165028299077,0.20077450104259756,Jul
98,7,Games,0.19015444015444016,0.46814671814671815,0.3416988416988417,Jul
99,7,Journalism,0.11153119092627599,0.7088846880907372,0.17958412098298676,Jul
100,7,Music,0.0729455216989843,0.4725300092336103,0.45452446906740535,Jul
101,7,Photography,0.09049079754601227,0.6694785276073619,0.24003067484662577,Jul
102,7,Publishing,0.09604207030168835,0.6271796291170773,0.2767783005812344,Jul
103,7,Technology,0.15356671070013211,0.6707397622192867,0.17569352708058125,Jul
104,7,Theater,0.053763440860215055,0.34767025089605735,0.5985663082437276,Jul
105,8,Art,0.08320063694267515,0.5290605095541401,0.3877388535031847,Aug
106,8,Comics,0.09109518935516889,0.37461617195496416,0.534288638689867,Aug
107,8,Crafts,0.10847457627118644,0.6621468926553672,0.22937853107344633,Aug
108,8,Dance,0.06578947368421052,0.33881578947368424,0.5953947368421053,Aug
109,8,Design,0.12670243499793643,0.5171275278580273,0.35617003714403633,Aug
110,8,Fashion,0.11151832460732984,0.6471204188481675,0.2413612565445026,Aug
111,8,Film & Video,0.10212021007586072,0.5590352071581405,0.3388445827659988,Aug
112,8,Food,0.0880920761398849,0.6994245241257193,0.21248339973439576,Aug
113,8,Games,0.18160535117056856,0.45785953177257527,0.3605351170568562,Aug
114,8,Journalism,0.12471131639722864,0.6674364896073903,0.20785219399538107,Aug
115,8,Music,0.07626705653021443,0.4590643274853801,0.46466861598440545,Aug
116,8,Photography,0.10239651416122005,0.616557734204793,0.28104575163398693,Aug
117,8,Publishing,0.09710188228264117,0.5963549447266209,0.30654317299073797,Aug
118,8,Technology,0.1414756446991404,0.6590257879656161,0.19949856733524354,Aug
119,8,Theater,0.05601907032181168,0.3742550655542312,0.5697258641239571,Aug
120,9,Art,0.08086610693769333,0.4891736632788334,0.42996022978347326,Sep
121,9,Comics,0.07319698600645856,0.36706135629709363,0.5597416576964478,Sep
122,9,Crafts,0.09396914446002805,0.6395511921458625,0.2664796633941094,Sep
123,9,Dance,0.038461538461538464,0.3181818181818182,0.6433566433566433,Sep
124,9,Design,0.14263803680981596,0.48504601226993865,0.3723159509202454,Sep
125,9,Fashion,0.12098501070663811,0.6150963597430407,0.2639186295503212,Sep
126,9,Film & Video,0.09788747124032629,0.5371261242417904,0.3649864045178833,Sep
127,9,Food,0.0874074074074074,0.6474074074074074,0.2651851851851852,Sep
128,9,Games,0.16002591512795594,0.45221898283122774,0.3877551020408163,Sep
129,9,Journalism,0.11278195488721804,0.6791979949874687,0.20802005012531327,Sep
130,9,Music,0.069562968709594,0.4403930695629687,0.4900439617274373,Sep
131,9,Photography,0.09163802978235967,0.5784650630011455,0.32989690721649484,Sep
132,9,Publishing,0.08960682718683328,0.5711673270344407,0.339225845778726,Sep
133,9,Technology,0.14362272240085744,0.6455877098963916,0.21078956770275098,Sep
134,9,Theater,0.05434782608695652,0.3997584541062802,0.5458937198067633,Sep
135,10,Art,0.07391113066432028,0.5142982842058953,0.41179058512978445,Oct
136,10,Comics,0.08660714285714285,0.35267857142857145,0.5607142857142857,Oct
137,10,Crafts,0.09440993788819876,0.6459627329192547,0.2596273291925466,Oct
138,10,Dance,0.04984423676012461,0.2897196261682243,0.660436137071651,Oct
139,10,Design,0.16315971024491205,0.4536046912728527,0.38323559848223526,Oct
140,10,Fashion,0.1161170459823502,0.5996284254528564,0.28425452856479333,Oct
141,10,Film & Video,0.09562582844158303,0.5118348797576217,0.39253929180079533,Oct
142,10,Food,0.0887218045112782,0.6676691729323309,0.24360902255639097,Oct
143,10,Games,0.19044959508517173,0.4526668528344038,0.35688355208042444,Oct
144,10,Journalism,0.08383233532934131,0.6766467065868264,0.23952095808383234,Oct
145,10,Music,0.06658536585365854,0.42,0.5134146341463415,Oct
146,10,Photography,0.08705357142857142,0.5859375,0.32700892857142855,Oct
147,10,Publishing,0.08905431486076647,0.5580369451337194,0.3529087400055142,Oct
148,10,Technology,0.15851137146795313,0.6337008959338387,0.20778773259820812,Oct
149,10,Theater,0.049315068493150684,0.3424657534246575,0.6082191780821918,Oct
150,11,Art,0.08310626702997276,0.5127157129881925,0.40417801998183467,Nov
151,11,Comics,0.08108108108108109,0.36824324324324326,0.5506756756756757,Nov
152,11,Crafts,0.08179419525065963,0.6715039577836411,0.24670184696569922,Nov
153,11,Dance,0.059027777777777776,0.3576388888888889,0.5833333333333334,Nov
154,11,Design,0.1373924131335671,0.48677080012751034,0.3758367867389225,Nov
155,11,Fashion,0.11854243542435425,0.6047047970479705,0.2767527675276753,Nov
156,11,Film & Video,0.08960573476702509,0.5111509358821187,0.3992433293508562,Nov
157,11,Food,0.09208484221417486,0.6378685980341439,0.27004655975168135,Nov
158,11,Games,0.16812723141837066,0.474845829276209,0.35702693930542034,Nov
159,11,Journalism,0.10498687664041995,0.6509186351706037,0.2440944881889764,Nov
160,11,Music,0.06503667481662592,0.42493887530562346,0.5100244498777506,Nov
161,11,Photography,0.10730593607305935,0.5810502283105022,0.3116438356164384,Nov
162,11,Publishing,0.09138381201044386,0.5834058601682622,0.3252103278212939,Nov
163,11,Technology,0.14880546075085324,0.6177474402730375,0.2334470989761092,Nov
164,11,Theater,0.0547945205479452,0.3774733637747336,0.5677321156773212,Nov
165,12,Art,0.08361429534726905,0.559676331759946,0.35670937289278487,Dec
166,12,Comics,0.08695652173913043,0.49104859335038364,0.4219948849104859,Dec
167,12,Crafts,0.09271523178807947,0.6997792494481236,0.20750551876379691,Dec
168,12,Dance,0.06167400881057269,0.32599118942731276,0.6123348017621145,Dec
169,12,Design,0.16294117647058823,0.5147058823529411,0.32235294117647056,Dec
170,12,Fashion,0.12121212121212122,0.6480186480186481,0.23076923076923078,Dec
171,12,Film & Video,0.08647140864714087,0.5364016736401673,0.37712691771269174,Dec
172,12,Food,0.08766716196136701,0.6790490341753344,0.23328380386329867,Dec
173,12,Games,0.1868890166762507,0.5066129959746981,0.3064979873490512,Dec
174,12,Journalism,0.0821917808219178,0.7054794520547946,0.21232876712328766,Dec
175,12,Music,0.07515442690459849,0.44715168153740564,0.4776938915579959,Dec
176,12,Photography,0.09836065573770492,0.6065573770491803,0.29508196721311475,Dec
177,12,Publishing,0.10304659498207885,0.6330645161290323,0.2638888888888889,Dec
178,12,Technology,0.16148148148148148,0.657283950617284,0.18123456790123457,Dec
179,12,Theater,0.06451612903225806,0.3681214421252372,0.5673624288425048,Dec
